lidar_calibration:
  x: 1.151642
  y: 0.05561629
  z: 1.8
  yaw: 0.1331983
  pitch: 0
  roll: 0
  frame_id: base_link
  child_frame_id: velodyne